   1000.0000   300.000000  14.00000000
    100.0000   300.108266  14.00000000   0.000000   0.000000
    200.0000   300.257501  14.00000000   0.000000   0.000000
    300.0000   300.427458  14.00000000   0.000000   0.000000
    400.0000   300.612445  14.00000000   0.000000   0.000000
    500.0000   300.809477  14.00000000   0.000000   0.000000
    600.0000   301.016672  14.00000000   0.000000   0.000000
    700.0000   301.232720  14.00000000   0.000000   0.000000
    800.0000   301.456647  14.00000000   0.000000   0.000000
    900.0000   301.687699  14.00000000   0.000000   0.000000
   1000.0000   301.925271  14.00000000   0.000000   0.000000
   1100.0000   302.168866  14.00000000   0.000000   0.000000
   1200.0000   302.418068  14.00000000   0.000000   0.000000
   1300.0000   302.672521  13.52039224   0.000000   0.000000
   1400.0000   302.931919  12.99431506   0.000000   0.000000
   1500.0000   303.195994  12.48756267   0.000000   0.000000
   1600.0000   303.464510  11.99932046   0.000000   0.000000
   1700.0000   303.737258  11.52883073   0.000000   0.000000
   1800.0000   304.014048  11.07538554   0.000000   0.000000
   1900.0000   304.294711  10.63832082   0.000000   0.000000
   2000.0000   304.579092  10.21701151   0.000000   0.000000
   2100.0000   304.867052   9.81086750   0.000000   0.000000
   2200.0000   305.158462   9.41933021   0.000000   0.000000
   2300.0000   305.453203   9.04186962   0.000000   0.000000
   2400.0000   305.751167   8.67798177   0.000000   0.000000
   2500.0000   306.052251   8.32718653   0.000000   0.000000
   2600.0000   306.356361   7.98902575   0.000000   0.000000
   2700.0000   306.663411   7.66306152   0.000000   0.000000
   2800.0000   306.973317   7.34887468   0.000000   0.000000
   2900.0000   307.286004   7.04606354   0.000000   0.000000
   3000.0000   307.601398   6.75424267   0.000000   0.000000
   3100.0000   307.919432   6.47304187   0.000000   0.000000
   3200.0000   308.240041   6.20210517   0.000000   0.000000
   3300.0000   308.563165   5.94109002   0.000000   0.000000
   3400.0000   308.888747   5.68966647   0.000000   0.000000
   3500.0000   309.216732   5.44751651   0.000000   0.000000
   3600.0000   309.547068   5.21433336   0.000000   0.000000
   3700.0000   309.879707   4.98982094   0.000000   0.000000
   3800.0000   310.214601   4.77369328   0.000000   0.000000
   3900.0000   310.551705   4.56567405   0.000000   0.000000
   4000.0000   310.890978   4.36549609   0.000000   0.000000
   4100.0000   311.232378   4.17290099   0.000000   0.000000
   4200.0000   311.575867   3.98763867   0.000000   0.000000
   4300.0000   311.921406   3.80946705   0.000000   0.000000
   4400.0000   312.268960   3.63815170   0.000000   0.000000
   4500.0000   312.618494   3.47346552   0.000000   0.000000
   4600.0000   312.969976   3.31518844   0.000000   0.000000
   4700.0000   313.323374   3.16310715   0.000000   0.000000
   4800.0000   313.678657   3.01701485   0.000000   0.000000
   4900.0000   314.035794   2.87671100   0.000000   0.000000
   5000.0000   314.394759   2.74200107   0.000000   0.000000
   5100.0000   314.755523   2.61269637   0.000000   0.000000
   5200.0000   315.118060   2.48861384   0.000000   0.000000
   5300.0000   315.482345   2.36957582   0.000000   0.000000
   5400.0000   315.848352   2.25540990   0.000000   0.000000
   5500.0000   316.216057   2.14594878   0.000000   0.000000
   5600.0000   316.585437   2.04103004   0.000000   0.000000
   5700.0000   316.956471   1.94049605   0.000000   0.000000
   5800.0000   317.329135   1.84419378   0.000000   0.000000
   5900.0000   317.703409   1.75197470   0.000000   0.000000
   6000.0000   318.079273   1.66369462   0.000000   0.000000
   6100.0000   318.456706   1.57921358   0.000000   0.000000
   6200.0000   318.835689   1.49839573   0.000000   0.000000
   6300.0000   319.216203   1.42110919   0.000000   0.000000
   6400.0000   319.598231   1.34722599   0.000000   0.000000
   6500.0000   319.981753   1.27662191   0.000000   0.000000
   6600.0000   320.366754   1.20917644   0.000000   0.000000
   6700.0000   320.753216   1.14477260   0.000000   0.000000
   6800.0000   321.141122   1.08329695   0.000000   0.000000
   6900.0000   321.530458   1.02463940   0.000000   0.000000
   7000.0000   321.921206   0.96869321   0.000000   0.000000
   7100.0000   322.313353   0.91535482   0.000000   0.000000
   7200.0000   322.706883   0.86452385   0.000000   0.000000
   7300.0000   323.101782   0.81610299   0.000000   0.000000
   7400.0000   323.498035   0.76999789   0.000000   0.000000
   7500.0000   323.895630   0.72611715   0.000000   0.000000
   7600.0000   324.294552   0.68437219   0.000000   0.000000
   7700.0000   324.694788   0.64467723   0.000000   0.000000
   7800.0000   325.096326   0.60694919   0.000000   0.000000
   7900.0000   325.499153   0.57110762   0.000000   0.000000
   8000.0000   325.903257   0.53707468   0.000000   0.000000
   8100.0000   326.308626   0.50477504   0.000000   0.000000
   8200.0000   326.715248   0.47413579   0.000000   0.000000
   8300.0000   327.123112   0.44508648   0.000000   0.000000
   8400.0000   327.532206   0.41755895   0.000000   0.000000
   8500.0000   327.942519   0.39148736   0.000000   0.000000
   8600.0000   328.354041   0.36680805   0.000000   0.000000
   8700.0000   328.766761   0.34345959   0.000000   0.000000
   8800.0000   329.180669   0.32138262   0.000000   0.000000
   8900.0000   329.595754   0.30051988   0.000000   0.000000
   9000.0000   330.012007   0.28081611   0.000000   0.000000
   9100.0000   330.429417   0.26221803   0.000000   0.000000
   9200.0000   330.847977   0.24467424   0.000000   0.000000
   9300.0000   331.267675   0.22813525   0.000000   0.000000
   9400.0000   331.688502   0.21255337   0.000000   0.000000
   9500.0000   332.110451   0.19788267   0.000000   0.000000
   9600.0000   332.533511   0.18407897   0.000000   0.000000
   9700.0000   332.957675   0.17109975   0.000000   0.000000
   9800.0000   333.382933   0.15890412   0.000000   0.000000
   9900.0000   333.809278   0.14745281   0.000000   0.000000
  10000.0000   334.236700   0.13670807   0.000000   0.000000
  10100.0000   334.665192   0.12663366   0.000000   0.000000
  10200.0000   335.094747   0.11719481   0.000000   0.000000
  10300.0000   335.525355   0.10835816   0.000000   0.000000
  10400.0000   335.957010   0.10009175   0.000000   0.000000
  10500.0000   336.389704   0.09236492   0.000000   0.000000
  10600.0000   336.823429   0.08514835   0.000000   0.000000
  10700.0000   337.258179   0.07841396   0.000000   0.000000
  10800.0000   337.693945   0.07213490   0.000000   0.000000
  10900.0000   338.130721   0.06628550   0.000000   0.000000
  11000.0000   338.568501   0.06084124   0.000000   0.000000
  11100.0000   339.007276   0.05577871   0.000000   0.000000
  11200.0000   339.447041   0.05107557   0.000000   0.000000
  11300.0000   339.887788   0.04671053   0.000000   0.000000
  11400.0000   340.329512   0.04266329   0.000000   0.000000
  11500.0000   340.772205   0.03891455   0.000000   0.000000
  11600.0000   341.215862   0.03544591   0.000000   0.000000
  11700.0000   341.660476   0.03223989   0.000000   0.000000
  11800.0000   342.106041   0.02927990   0.000000   0.000000
  11900.0000   342.552551   0.02655016   0.000000   0.000000
  12000.0000   343.000000   0.02403572   0.000000   0.000000
  12100.0000   344.576266   0.02447423   0.000000   0.000000
  12200.0000   346.159776   0.02492097   0.000000   0.000000
  12300.0000   347.750563   0.02537609   0.000000   0.000000
  12400.0000   349.348661   0.02583975   0.000000   0.000000
  12500.0000   350.954103   0.02631212   0.000000   0.000000
  12600.0000   352.566922   0.02679338   0.000000   0.000000
  12700.0000   354.187154   0.02728368   0.000000   0.000000
  12800.0000   355.814831   0.02778322   0.000000   0.000000
  12900.0000   357.449988   0.02829216   0.000000   0.000000
  13000.0000   359.092660   0.02881069   0.000000   0.000000
  13100.0000   360.742880   0.02933900   0.000000   0.000000
  13200.0000   362.400684   0.02987727   0.000000   0.000000
  13300.0000   364.066107   0.03042570   0.000000   0.000000
  13400.0000   365.739183   0.03098450   0.000000   0.000000
  13500.0000   367.419948   0.03155385   0.000000   0.000000
  13600.0000   369.108437   0.03213398   0.000000   0.000000
  13700.0000   370.804685   0.03272508   0.000000   0.000000
  13800.0000   372.508729   0.03332737   0.000000   0.000000
  13900.0000   374.220603   0.03394108   0.000000   0.000000
  14000.0000   375.940345   0.03456642   0.000000   0.000000
  14100.0000   377.667989   0.03520363   0.000000   0.000000
  14200.0000   379.403573   0.03585293   0.000000   0.000000
  14300.0000   381.147133   0.03651456   0.000000   0.000000
  14400.0000   382.898706   0.03718877   0.000000   0.000000
  14500.0000   384.658328   0.03787581   0.000000   0.000000
  14600.0000   386.426036   0.03857592   0.000000   0.000000
  14700.0000   388.201868   0.03928936   0.000000   0.000000
  14800.0000   389.985861   0.04001640   0.000000   0.000000
  14900.0000   391.778052   0.04075730   0.000000   0.000000
  15000.0000   393.578479   0.04151233   0.000000   0.000000
  15100.0000   395.387180   0.04228179   0.000000   0.000000
  15200.0000   397.204193   0.04306594   0.000000   0.000000
  15300.0000   399.029556   0.04386509   0.000000   0.000000
  15400.0000   400.863308   0.04467952   0.000000   0.000000
  15500.0000   402.705487   0.04550955   0.000000   0.000000
  15600.0000   404.556131   0.04635547   0.000000   0.000000
  15700.0000   406.415280   0.04721761   0.000000   0.000000
  15800.0000   408.282973   0.04809629   0.000000   0.000000
  15900.0000   410.159250   0.04899183   0.000000   0.000000
  16000.0000   412.044148   0.04990458   0.000000   0.000000
  16100.0000   413.937709   0.05083486   0.000000   0.000000
  16200.0000   415.839971   0.05178304   0.000000   0.000000
  16300.0000   417.750976   0.05274947   0.000000   0.000000
  16400.0000   419.670762   0.05373451   0.000000   0.000000
  16500.0000   421.599371   0.05473854   0.000000   0.000000
  16600.0000   423.536843   0.05576193   0.000000   0.000000
  16700.0000   425.483219   0.05680507   0.000000   0.000000
  16800.0000   427.438539   0.05786835   0.000000   0.000000
  16900.0000   429.402845   0.05895219   0.000000   0.000000
  17000.0000   431.376178   0.06005698   0.000000   0.000000
  17100.0000   433.358579   0.06118316   0.000000   0.000000
  17200.0000   435.350091   0.06233114   0.000000   0.000000
  17300.0000   437.350755   0.06350137   0.000000   0.000000
  17400.0000   439.360613   0.06469430   0.000000   0.000000
  17500.0000   441.379707   0.06591038   0.000000   0.000000
  17600.0000   443.408080   0.06715008   0.000000   0.000000
  17700.0000   445.445774   0.06841387   0.000000   0.000000
  17800.0000   447.492833   0.06970224   0.000000   0.000000
  17900.0000   449.549299   0.07101568   0.000000   0.000000
  18000.0000   451.615216   0.07235471   0.000000   0.000000
  18100.0000   453.690626   0.07371984   0.000000   0.000000
  18200.0000   455.775575   0.07511159   0.000000   0.000000
  18300.0000   457.870104   0.07653051   0.000000   0.000000
  18400.0000   459.974259   0.07797715   0.000000   0.000000
  18500.0000   462.088084   0.07945207   0.000000   0.000000
  18600.0000   464.211623   0.08095583   0.000000   0.000000
  18700.0000   466.344921   0.08248904   0.000000   0.000000
  18800.0000   468.488022   0.08405229   0.000000   0.000000
  18900.0000   470.640972   0.08564619   0.000000   0.000000
  19000.0000   472.803816   0.08727135   0.000000   0.000000
  19100.0000   474.976600   0.08892843   0.000000   0.000000
  19200.0000   477.159368   0.09061808   0.000000   0.000000
  19300.0000   479.352168   0.09234095   0.000000   0.000000
  19400.0000   481.555044   0.09409772   0.000000   0.000000
  19500.0000   483.768044   0.09588910   0.000000   0.000000
  19600.0000   485.991214   0.09771578   0.000000   0.000000
  19700.0000   488.224601   0.09957850   0.000000   0.000000
  19800.0000   490.468251   0.10147799   0.000000   0.000000
  19900.0000   492.722211   0.10341500   0.000000   0.000000
  20000.0000   494.986530   0.10539031   0.000000   0.000000
  20100.0000   497.261255   0.10740470   0.000000   0.000000
  20200.0000   499.546433   0.10945899   0.000000   0.000000
  20300.0000   501.842113   0.11155398   0.000000   0.000000
  20400.0000   504.148343   0.11369052   0.000000   0.000000
  20500.0000   506.465171   0.11586948   0.000000   0.000000
  20600.0000   508.792646   0.11809171   0.000000   0.000000
  20700.0000   511.130817   0.12035813   0.000000   0.000000
  20800.0000   513.479734   0.12266963   0.000000   0.000000
  20900.0000   515.839444   0.12502717   0.000000   0.000000
  21000.0000   518.209999   0.12743169   0.000000   0.000000
  21100.0000   520.591448   0.12988416   0.000000   0.000000
  21200.0000   522.983841   0.13238559   0.000000   0.000000
  21300.0000   525.387228   0.13493698   0.000000   0.000000
  21400.0000   527.801660   0.13753939   0.000000   0.000000
  21500.0000   530.227188   0.14019387   0.000000   0.000000
  21600.0000   532.663862   0.14290151   0.000000   0.000000
  21700.0000   535.111734   0.14566342   0.000000   0.000000
  21800.0000   537.570855   0.14848073   0.000000   0.000000
  21900.0000   540.041277   0.15135460   0.000000   0.000000
  22000.0000   542.523052   0.15428621   0.000000   0.000000
  22100.0000   545.016232   0.15727678   0.000000   0.000000
  22200.0000   547.520870   0.16032754   0.000000   0.000000
  22300.0000   550.037018   0.16343975   0.000000   0.000000
  22400.0000   552.564728   0.16661470   0.000000   0.000000
  22500.0000   555.104055   0.16985372   0.000000   0.000000
  22600.0000   557.655052   0.17315816   0.000000   0.000000
  22700.0000   560.217772   0.17652938   0.000000   0.000000
  22800.0000   562.792268   0.17996881   0.000000   0.000000
  22900.0000   565.378596   0.18347788   0.000000   0.000000
  23000.0000   567.976810   0.18705806   0.000000   0.000000
  23100.0000   570.586963   0.19071085   0.000000   0.000000
  23200.0000   573.209112   0.19443781   0.000000   0.000000
  23300.0000   575.843311   0.19824048   0.000000   0.000000
  23400.0000   578.489615   0.20212050   0.000000   0.000000
  23500.0000   581.148081   0.20607949   0.000000   0.000000
  23600.0000   583.818763   0.21011914   0.000000   0.000000
  23700.0000   586.501719   0.21424116   0.000000   0.000000
  23800.0000   589.197004   0.21844731   0.000000   0.000000
  23900.0000   591.904676   0.22273938   0.000000   0.000000
  24000.0000   594.624791   0.22711921   0.000000   0.000000
  24100.0000   597.357406   0.23158868   0.000000   0.000000
  24200.0000   600.102579   0.23614970   0.000000   0.000000
  24300.0000   602.860367   0.24080423   0.000000   0.000000
  24400.0000   605.630829   0.24555428   0.000000   0.000000
  24500.0000   608.414023   0.25040190   0.000000   0.000000
  24600.0000   611.210007   0.25534919   0.000000   0.000000
  24700.0000   614.018840   0.26039829   0.000000   0.000000
  24800.0000   616.840581   0.26555139   0.000000   0.000000
  24900.0000   619.675290   0.27081074   0.000000   0.000000
  25000.0000   622.523025   0.27617863   0.000000   0.000000
