284 6
1 0 1 0.300000012 290 0.00700000022 99000 1.18446589 16 1.29999995 0.389999986 20 100000 282 150 0.400000006 -15 0 0.800000012 0.00695134094 0.041761227 0
1 0 1 0.300000012 290 0.00700000022 99000 1.18446589 16 1.29999995 0.389999986 20 100000 286 150 0.400000006 -15 0 0.800000012 0.00695134094 0.041761227 0
1 0 1 0.300000012 290 0.00700000022 99000 1.18446589 16 1.29999995 0.389999986 20 100000 288 150 0.400000006 -15 0 0.800000012 0.00695134094 0.041761227 0
1 0 1 0.300000012 290 0.00700000022 99000 1.18446589 16 1.29999995 0.389999986 20 100000 289 150 0.400000006 -15 0 0.800000012 0.00695134094 0.041761227 0
1 0 1 0.300000012 290 0.00700000022 99000 1.18446589 16 1.29999995 0.389999986 20 100000 289.5 150 0.400000006 -15 0 0.800000012 0.00695134094 0.041761227 0
1 0 1 0.300000012 290 0.00700000022 99000 1.18446589 16 1.29999995 0.389999986 20 100000 291 1200 0.400000006 150 0 0.800000012 0.00695134094 0.041761227 0
1 0 1 0.300000012 290 0.00700000022 99000 1.18446589 16 1.29999995 0.389999986 20 100000 293 1200 0.400000006 150 0 0.800000012 0.00695134094 0.041761227 0
1 0 1 0.300000012 290 0.00700000022 99000 1.18446589 16 1.29999995 0.389999986 20 100000 298 1200 0.400000006 150 0 0.800000012 0.00695134094 0.041761227 0
1 0 2 0.600000024 290 0.00700000022 99000 1.18446589 16 2.5999999 0.779999971 20 100000 282 150 0.400000006 -15 0 0.800000012 0.00695134094 0.0835224539 0
1 0 2 0.600000024 290 0.00700000022 99000 1.18446589 16 2.5999999 0.779999971 20 100000 286 150 0.400000006 -15 0 0.800000012 0.00695134094 0.0835224539 0
1 0 2 0.600000024 290 0.00700000022 99000 1.18446589 16 2.5999999 0.779999971 20 100000 288 150 0.400000006 -15 0 0.800000012 0.00695134094 0.0835224539 0
1 0 2 0.600000024 290 0.00700000022 99000 1.18446589 16 2.5999999 0.779999971 20 100000 289 150 0.400000006 -15 0 0.800000012 0.00695134094 0.0835224539 0
1 0 2 0.600000024 290 0.00700000022 99000 1.18446589 16 2.5999999 0.779999971 20 100000 289.5 150 0.400000006 -15 0 0.800000012 0.00695134094 0.0835224539 0
1 0 2 0.600000024 290 0.00700000022 99000 1.18446589 16 2.5999999 0.779999971 20 100000 291 1200 0.400000006 150 0 0.800000012 0.00695134094 0.0835224539 0
1 0 2 0.600000024 290 0.00700000022 99000 1.18446589 16 2.5999999 0.779999971 20 100000 293 1200 0.400000006 150 0 0.800000012 0.00695134094 0.0835224539 0
1 0 2 0.600000024 290 0.00700000022 99000 1.18446589 16 2.5999999 0.779999971 20 100000 298 1200 0.400000006 150 0 0.800000012 0.00695134094 0.0835224539 0
1 0 3 0.899999976 290 0.00700000022 99000 1.18446589 16 3.9000001 1.16999996 20 100000 282 150 0.400000006 -15 0 0.800000012 0.00695134094 0.125283673 0
1 0 3 0.899999976 290 0.00700000022 99000 1.18446589 16 3.9000001 1.16999996 20 100000 286 150 0.400000006 -15 0 0.800000012 0.00695134094 0.125283673 0
1 0 3 0.899999976 290 0.00700000022 99000 1.18446589 16 3.9000001 1.16999996 20 100000 288 150 0.400000006 -15 0 0.800000012 0.00695134094 0.125283673 0
1 0 3 0.899999976 290 0.00700000022 99000 1.18446589 16 3.9000001 1.16999996 20 100000 289 150 0.400000006 -15 0 0.800000012 0.00695134094 0.125283673 0
1 0 3 0.899999976 290 0.00700000022 99000 1.18446589 16 3.9000001 1.16999996 20 100000 289.5 150 0.400000006 -15 0 0.800000012 0.00695134094 0.125283673 0
1 0 3 0.899999976 290 0.00700000022 99000 1.18446589 16 3.9000001 1.16999996 20 100000 291 1200 0.400000006 150 0 0.800000012 0.00695134094 0.125283673 0
1 0 3 0.899999976 290 0.00700000022 99000 1.18446589 16 3.9000001 1.16999996 20 100000 293 1200 0.400000006 150 0 0.800000012 0.00695134094 0.125283673 0
1 0 3 0.899999976 290 0.00700000022 99000 1.18446589 16 3.9000001 1.16999996 20 100000 298 1200 0.400000006 150 0 0.800000012 0.00695134094 0.125283673 0
1 0 5 1.5 290 0.00700000022 99000 1.18446589 16 6.5 1.95000005 20 100000 282 150 0.400000006 -15 0 0.800000012 0.00695134094 0.208806127 0
1 0 5 1.5 290 0.00700000022 99000 1.18446589 16 6.5 1.95000005 20 100000 286 150 0.400000006 -15 0 0.800000012 0.00695134094 0.208806127 0
1 0 5 1.5 290 0.00700000022 99000 1.18446589 16 6.5 1.95000005 20 100000 288 150 0.400000006 -15 0 0.800000012 0.00695134094 0.208806127 0
1 0 5 1.5 290 0.00700000022 99000 1.18446589 16 6.5 1.95000005 20 100000 289 150 0.400000006 -15 0 0.800000012 0.00695134094 0.208806127 0
1 0 5 1.5 290 0.00700000022 99000 1.18446589 16 6.5 1.95000005 20 100000 289.5 150 0.400000006 -15 0 0.800000012 0.00695134094 0.208806127 0
1 0 5 1.5 290 0.00700000022 99000 1.18446589 16 6.5 1.95000005 20 100000 291 1200 0.400000006 150 0 0.800000012 0.00695134094 0.208806127 0
1 0 5 1.5 290 0.00700000022 99000 1.18446589 16 6.5 1.95000005 20 100000 293 1200 0.400000006 150 0 0.800000012 0.00695134094 0.208806127 0
1 0 5 1.5 290 0.00700000022 99000 1.18446589 16 6.5 1.95000005 20 100000 298 1200 0.400000006 150 0 0.800000012 0.00695134094 0.208806127 0
1 0 8 2.4000001 290 0.00700000022 99000 1.18446589 16 10.3999996 3.11999989 20 100000 282 150 0.400000006 -15 0 0.800000012 0.00695134094 0.334089816 0
1 0 8 2.4000001 290 0.00700000022 99000 1.18446589 16 10.3999996 3.11999989 20 100000 286 150 0.400000006 -15 0 0.800000012 0.00695134094 0.334089816 0
1 0 8 2.4000001 290 0.00700000022 99000 1.18446589 16 10.3999996 3.11999989 20 100000 288 150 0.400000006 -15 0 0.800000012 0.00695134094 0.334089816 0
1 0 8 2.4000001 290 0.00700000022 99000 1.18446589 16 10.3999996 3.11999989 20 100000 289 150 0.400000006 -15 0 0.800000012 0.00695134094 0.334089816 0
1 0 8 2.4000001 290 0.00700000022 99000 1.18446589 16 10.3999996 3.11999989 20 100000 289.5 150 0.400000006 -15 0 0.800000012 0.00695134094 0.334089816 0
1 0 8 2.4000001 290 0.00700000022 99000 1.18446589 16 10.3999996 3.11999989 20 100000 291 1200 0.400000006 150 0 0.800000012 0.00695134094 0.334089816 0
1 0 8 2.4000001 290 0.00700000022 99000 1.18446589 16 10.3999996 3.11999989 20 100000 293 1200 0.400000006 150 0 0.800000012 0.00695134094 0.334089816 0
1 0 8 2.4000001 290 0.00700000022 99000 1.18446589 16 10.3999996 3.11999989 20 100000 298 1200 0.400000006 150 0 0.800000012 0.00695134094 0.334089816 0
1 0 1 0.300000012 290 0.00700000022 99000 1.18446589 16 1.29999995 0.389999986 20 100000 282 150 0.400000006 -15 0 0.5 0.00695134094 0.041761227 0
1 0 1 0.300000012 290 0.00700000022 99000 1.18446589 16 1.29999995 0.389999986 20 100000 286 150 0.400000006 -15 0 0.5 0.00695134094 0.041761227 0
1 0 1 0.300000012 290 0.00700000022 99000 1.18446589 16 1.29999995 0.389999986 20 100000 288 150 0.400000006 -15 0 0.5 0.00695134094 0.041761227 0
1 0 1 0.300000012 290 0.00700000022 99000 1.18446589 16 1.29999995 0.389999986 20 100000 289 150 0.400000006 -15 0 0.5 0.00695134094 0.041761227 0
1 0 1 0.300000012 290 0.00700000022 99000 1.18446589 16 1.29999995 0.389999986 20 100000 289.5 150 0.400000006 -15 0 0.5 0.00695134094 0.041761227 0
1 0 1 0.300000012 290 0.00700000022 99000 1.18446589 16 1.29999995 0.389999986 20 100000 291 1200 0.400000006 150 0 0.5 0.00695134094 0.041761227 0
1 0 1 0.300000012 290 0.00700000022 99000 1.18446589 16 1.29999995 0.389999986 20 100000 293 1200 0.400000006 150 0 0.5 0.00695134094 0.041761227 0
1 0 1 0.300000012 290 0.00700000022 99000 1.18446589 16 1.29999995 0.389999986 20 100000 298 1200 0.400000006 150 0 0.5 0.00695134094 0.041761227 0
1 0 2 0.600000024 290 0.00700000022 99000 1.18446589 16 2.5999999 0.779999971 20 100000 282 150 0.400000006 -15 0 0.5 0.00695134094 0.0835224539 0
1 0 2 0.600000024 290 0.00700000022 99000 1.18446589 16 2.5999999 0.779999971 20 100000 286 150 0.400000006 -15 0 0.5 0.00695134094 0.0835224539 0
1 0 2 0.600000024 290 0.00700000022 99000 1.18446589 16 2.5999999 0.779999971 20 100000 288 150 0.400000006 -15 0 0.5 0.00695134094 0.0835224539 0
1 0 2 0.600000024 290 0.00700000022 99000 1.18446589 16 2.5999999 0.779999971 20 100000 289 150 0.400000006 -15 0 0.5 0.00695134094 0.0835224539 0
1 0 2 0.600000024 290 0.00700000022 99000 1.18446589 16 2.5999999 0.779999971 20 100000 289.5 150 0.400000006 -15 0 0.5 0.00695134094 0.0835224539 0
1 0 2 0.600000024 290 0.00700000022 99000 1.18446589 16 2.5999999 0.779999971 20 100000 291 1200 0.400000006 150 0 0.5 0.00695134094 0.0835224539 0
1 0 2 0.600000024 290 0.00700000022 99000 1.18446589 16 2.5999999 0.779999971 20 100000 293 1200 0.400000006 150 0 0.5 0.00695134094 0.0835224539 0
1 0 2 0.600000024 290 0.00700000022 99000 1.18446589 16 2.5999999 0.779999971 20 100000 298 1200 0.400000006 150 0 0.5 0.00695134094 0.0835224539 0
1 0 3 0.899999976 290 0.00700000022 99000 1.18446589 16 3.9000001 1.16999996 20 100000 282 150 0.400000006 -15 0 0.5 0.00695134094 0.125283673 0
1 0 3 0.899999976 290 0.00700000022 99000 1.18446589 16 3.9000001 1.16999996 20 100000 286 150 0.400000006 -15 0 0.5 0.00695134094 0.125283673 0
1 0 3 0.899999976 290 0.00700000022 99000 1.18446589 16 3.9000001 1.16999996 20 100000 288 150 0.400000006 -15 0 0.5 0.00695134094 0.125283673 0
1 0 3 0.899999976 290 0.00700000022 99000 1.18446589 16 3.9000001 1.16999996 20 100000 289 150 0.400000006 -15 0 0.5 0.00695134094 0.125283673 0
1 0 3 0.899999976 290 0.00700000022 99000 1.18446589 16 3.9000001 1.16999996 20 100000 289.5 150 0.400000006 -15 0 0.5 0.00695134094 0.125283673 0
1 0 3 0.899999976 290 0.00700000022 99000 1.18446589 16 3.9000001 1.16999996 20 100000 291 1200 0.400000006 150 0 0.5 0.00695134094 0.125283673 0
1 0 3 0.899999976 290 0.00700000022 99000 1.18446589 16 3.9000001 1.16999996 20 100000 293 1200 0.400000006 150 0 0.5 0.00695134094 0.125283673 0
1 0 3 0.899999976 290 0.00700000022 99000 1.18446589 16 3.9000001 1.16999996 20 100000 298 1200 0.400000006 150 0 0.5 0.00695134094 0.125283673 0
1 0 5 1.5 290 0.00700000022 99000 1.18446589 16 6.5 1.95000005 20 100000 282 150 0.400000006 -15 0 0.5 0.00695134094 0.208806127 0
1 0 5 1.5 290 0.00700000022 99000 1.18446589 16 6.5 1.95000005 20 100000 286 150 0.400000006 -15 0 0.5 0.00695134094 0.208806127 0
1 0 5 1.5 290 0.00700000022 99000 1.18446589 16 6.5 1.95000005 20 100000 288 150 0.400000006 -15 0 0.5 0.00695134094 0.208806127 0
1 0 5 1.5 290 0.00700000022 99000 1.18446589 16 6.5 1.95000005 20 100000 289 150 0.400000006 -15 0 0.5 0.00695134094 0.208806127 0
1 0 5 1.5 290 0.00700000022 99000 1.18446589 16 6.5 1.95000005 20 100000 289.5 150 0.400000006 -15 0 0.5 0.00695134094 0.208806127 0
1 0 5 1.5 290 0.00700000022 99000 1.18446589 16 6.5 1.95000005 20 100000 291 1200 0.400000006 150 0 0.5 0.00695134094 0.208806127 0
1 0 5 1.5 290 0.00700000022 99000 1.18446589 16 6.5 1.95000005 20 100000 293 1200 0.400000006 150 0 0.5 0.00695134094 0.208806127 0
1 0 5 1.5 290 0.00700000022 99000 1.18446589 16 6.5 1.95000005 20 100000 298 1200 0.400000006 150 0 0.5 0.00695134094 0.208806127 0
1 0 8 2.4000001 290 0.00700000022 99000 1.18446589 16 10.3999996 3.11999989 20 100000 282 150 0.400000006 -15 0 0.5 0.00695134094 0.334089816 0
1 0 8 2.4000001 290 0.00700000022 99000 1.18446589 16 10.3999996 3.11999989 20 100000 286 150 0.400000006 -15 0 0.5 0.00695134094 0.334089816 0
1 0 8 2.4000001 290 0.00700000022 99000 1.18446589 16 10.3999996 3.11999989 20 100000 288 150 0.400000006 -15 0 0.5 0.00695134094 0.334089816 0
1 0 8 2.4000001 290 0.00700000022 99000 1.18446589 16 10.3999996 3.11999989 20 100000 289 150 0.400000006 -15 0 0.5 0.00695134094 0.334089816 0
1 0 8 2.4000001 290 0.00700000022 99000 1.18446589 16 10.3999996 3.11999989 20 100000 289.5 150 0.400000006 -15 0 0.5 0.00695134094 0.334089816 0
1 0 8 2.4000001 290 0.00700000022 99000 1.18446589 16 10.3999996 3.11999989 20 100000 291 1200 0.400000006 150 0 0.5 0.00695134094 0.334089816 0
1 0 8 2.4000001 290 0.00700000022 99000 1.18446589 16 10.3999996 3.11999989 20 100000 293 1200 0.400000006 150 0 0.5 0.00695134094 0.334089816 0
1 0 8 2.4000001 290 0.00700000022 99000 1.18446589 16 10.3999996 3.11999989 20 100000 298 1200 0.400000006 150 0 0.5 0.00695134094 0.334089816 0
1 0 1 0.300000012 290 0.00700000022 99000 1.18446589 16 1.29999995 0.389999986 20 100000 282 150 0.400000006 -15 0 0.300000012 0.00695134094 0.041761227 0
1 0 1 0.300000012 290 0.00700000022 99000 1.18446589 16 1.29999995 0.389999986 20 100000 286 150 0.400000006 -15 0 0.300000012 0.00695134094 0.041761227 0
1 0 1 0.300000012 290 0.00700000022 99000 1.18446589 16 1.29999995 0.389999986 20 100000 288 150 0.400000006 -15 0 0.300000012 0.00695134094 0.041761227 0
1 0 1 0.300000012 290 0.00700000022 99000 1.18446589 16 1.29999995 0.389999986 20 100000 289 150 0.400000006 -15 0 0.300000012 0.00695134094 0.041761227 0
1 0 1 0.300000012 290 0.00700000022 99000 1.18446589 16 1.29999995 0.389999986 20 100000 289.5 150 0.400000006 -15 0 0.300000012 0.00695134094 0.041761227 0
1 0 1 0.300000012 290 0.00700000022 99000 1.18446589 16 1.29999995 0.389999986 20 100000 291 1200 0.400000006 150 0 0.300000012 0.00695134094 0.041761227 0
1 0 1 0.300000012 290 0.00700000022 99000 1.18446589 16 1.29999995 0.389999986 20 100000 293 1200 0.400000006 150 0 0.300000012 0.00695134094 0.041761227 0
1 0 1 0.300000012 290 0.00700000022 99000 1.18446589 16 1.29999995 0.389999986 20 100000 298 1200 0.400000006 150 0 0.300000012 0.00695134094 0.041761227 0
1 0 2 0.600000024 290 0.00700000022 99000 1.18446589 16 2.5999999 0.779999971 20 100000 282 150 0.400000006 -15 0 0.300000012 0.00695134094 0.0835224539 0
1 0 2 0.600000024 290 0.00700000022 99000 1.18446589 16 2.5999999 0.779999971 20 100000 286 150 0.400000006 -15 0 0.300000012 0.00695134094 0.0835224539 0
1 0 2 0.600000024 290 0.00700000022 99000 1.18446589 16 2.5999999 0.779999971 20 100000 288 150 0.400000006 -15 0 0.300000012 0.00695134094 0.0835224539 0
1 0 2 0.600000024 290 0.00700000022 99000 1.18446589 16 2.5999999 0.779999971 20 100000 289 150 0.400000006 -15 0 0.300000012 0.00695134094 0.0835224539 0
1 0 2 0.600000024 290 0.00700000022 99000 1.18446589 16 2.5999999 0.779999971 20 100000 289.5 150 0.400000006 -15 0 0.300000012 0.00695134094 0.0835224539 0
1 0 2 0.600000024 290 0.00700000022 99000 1.18446589 16 2.5999999 0.779999971 20 100000 291 1200 0.400000006 150 0 0.300000012 0.00695134094 0.0835224539 0
1 0 2 0.600000024 290 0.00700000022 99000 1.18446589 16 2.5999999 0.779999971 20 100000 293 1200 0.400000006 150 0 0.300000012 0.00695134094 0.0835224539 0
1 0 2 0.600000024 290 0.00700000022 99000 1.18446589 16 2.5999999 0.779999971 20 100000 298 1200 0.400000006 150 0 0.300000012 0.00695134094 0.0835224539 0
1 0 3 0.899999976 290 0.00700000022 99000 1.18446589 16 3.9000001 1.16999996 20 100000 282 150 0.400000006 -15 0 0.300000012 0.00695134094 0.125283673 0
1 0 3 0.899999976 290 0.00700000022 99000 1.18446589 16 3.9000001 1.16999996 20 100000 286 150 0.400000006 -15 0 0.300000012 0.00695134094 0.125283673 0
1 0 3 0.899999976 290 0.00700000022 99000 1.18446589 16 3.9000001 1.16999996 20 100000 288 150 0.400000006 -15 0 0.300000012 0.00695134094 0.125283673 0
1 0 3 0.899999976 290 0.00700000022 99000 1.18446589 16 3.9000001 1.16999996 20 100000 289 150 0.400000006 -15 0 0.300000012 0.00695134094 0.125283673 0
1 0 3 0.899999976 290 0.00700000022 99000 1.18446589 16 3.9000001 1.16999996 20 100000 289.5 150 0.400000006 -15 0 0.300000012 0.00695134094 0.125283673 0
1 0 3 0.899999976 290 0.00700000022 99000 1.18446589 16 3.9000001 1.16999996 20 100000 291 1200 0.400000006 150 0 0.300000012 0.00695134094 0.125283673 0
1 0 3 0.899999976 290 0.00700000022 99000 1.18446589 16 3.9000001 1.16999996 20 100000 293 1200 0.400000006 150 0 0.300000012 0.00695134094 0.125283673 0
1 0 3 0.899999976 290 0.00700000022 99000 1.18446589 16 3.9000001 1.16999996 20 100000 298 1200 0.400000006 150 0 0.300000012 0.00695134094 0.125283673 0
1 0 5 1.5 290 0.00700000022 99000 1.18446589 16 6.5 1.95000005 20 100000 282 150 0.400000006 -15 0 0.300000012 0.00695134094 0.208806127 0
1 0 5 1.5 290 0.00700000022 99000 1.18446589 16 6.5 1.95000005 20 100000 286 150 0.400000006 -15 0 0.300000012 0.00695134094 0.208806127 0
1 0 5 1.5 290 0.00700000022 99000 1.18446589 16 6.5 1.95000005 20 100000 288 150 0.400000006 -15 0 0.300000012 0.00695134094 0.208806127 0
1 0 5 1.5 290 0.00700000022 99000 1.18446589 16 6.5 1.95000005 20 100000 289 150 0.400000006 -15 0 0.300000012 0.00695134094 0.208806127 0
1 0 5 1.5 290 0.00700000022 99000 1.18446589 16 6.5 1.95000005 20 100000 289.5 150 0.400000006 -15 0 0.300000012 0.00695134094 0.208806127 0
1 0 5 1.5 290 0.00700000022 99000 1.18446589 16 6.5 1.95000005 20 100000 291 1200 0.400000006 150 0 0.300000012 0.00695134094 0.208806127 0
1 0 5 1.5 290 0.00700000022 99000 1.18446589 16 6.5 1.95000005 20 100000 293 1200 0.400000006 150 0 0.300000012 0.00695134094 0.208806127 0
1 0 5 1.5 290 0.00700000022 99000 1.18446589 16 6.5 1.95000005 20 100000 298 1200 0.400000006 150 0 0.300000012 0.00695134094 0.208806127 0
1 0 8 2.4000001 290 0.00700000022 99000 1.18446589 16 10.3999996 3.11999989 20 100000 282 150 0.400000006 -15 0 0.300000012 0.00695134094 0.334089816 0
1 0 8 2.4000001 290 0.00700000022 99000 1.18446589 16 10.3999996 3.11999989 20 100000 286 150 0.400000006 -15 0 0.300000012 0.00695134094 0.334089816 0
1 0 8 2.4000001 290 0.00700000022 99000 1.18446589 16 10.3999996 3.11999989 20 100000 288 150 0.400000006 -15 0 0.300000012 0.00695134094 0.334089816 0
1 0 8 2.4000001 290 0.00700000022 99000 1.18446589 16 10.3999996 3.11999989 20 100000 289 150 0.400000006 -15 0 0.300000012 0.00695134094 0.334089816 0
1 0 8 2.4000001 290 0.00700000022 99000 1.18446589 16 10.3999996 3.11999989 20 100000 289.5 150 0.400000006 -15 0 0.300000012 0.00695134094 0.334089816 0
1 0 8 2.4000001 290 0.00700000022 99000 1.18446589 16 10.3999996 3.11999989 20 100000 291 1200 0.400000006 150 0 0.300000012 0.00695134094 0.334089816 0
1 0 8 2.4000001 290 0.00700000022 99000 1.18446589 16 10.3999996 3.11999989 20 100000 293 1200 0.400000006 150 0 0.300000012 0.00695134094 0.334089816 0
1 0 8 2.4000001 290 0.00700000022 99000 1.18446589 16 10.3999996 3.11999989 20 100000 298 1200 0.400000006 150 0 0.300000012 0.00695134094 0.334089816 0
1 0 1 0.300000012 290 0.00700000022 99000 1.18446589 16 1.29999995 0.389999986 20 100000 282 150 0.400000006 -15 0 0.200000003 0.00695134094 0.041761227 0
1 0 1 0.300000012 290 0.00700000022 99000 1.18446589 16 1.29999995 0.389999986 20 100000 286 150 0.400000006 -15 0 0.200000003 0.00695134094 0.041761227 0
1 0 1 0.300000012 290 0.00700000022 99000 1.18446589 16 1.29999995 0.389999986 20 100000 288 150 0.400000006 -15 0 0.200000003 0.00695134094 0.041761227 0
1 0 1 0.300000012 290 0.00700000022 99000 1.18446589 16 1.29999995 0.389999986 20 100000 289 150 0.400000006 -15 0 0.200000003 0.00695134094 0.041761227 0
1 0 1 0.300000012 290 0.00700000022 99000 1.18446589 16 1.29999995 0.389999986 20 100000 289.5 150 0.400000006 -15 0 0.200000003 0.00695134094 0.041761227 0
1 0 1 0.300000012 290 0.00700000022 99000 1.18446589 16 1.29999995 0.389999986 20 100000 291 1200 0.400000006 150 0 0.200000003 0.00695134094 0.041761227 0
1 0 1 0.300000012 290 0.00700000022 99000 1.18446589 16 1.29999995 0.389999986 20 100000 293 1200 0.400000006 150 0 0.200000003 0.00695134094 0.041761227 0
1 0 1 0.300000012 290 0.00700000022 99000 1.18446589 16 1.29999995 0.389999986 20 100000 298 1200 0.400000006 150 0 0.200000003 0.00695134094 0.041761227 0
1 0 2 0.600000024 290 0.00700000022 99000 1.18446589 16 2.5999999 0.779999971 20 100000 282 150 0.400000006 -15 0 0.200000003 0.00695134094 0.0835224539 0
1 0 2 0.600000024 290 0.00700000022 99000 1.18446589 16 2.5999999 0.779999971 20 100000 286 150 0.400000006 -15 0 0.200000003 0.00695134094 0.0835224539 0
1 0 2 0.600000024 290 0.00700000022 99000 1.18446589 16 2.5999999 0.779999971 20 100000 288 150 0.400000006 -15 0 0.200000003 0.00695134094 0.0835224539 0
1 0 2 0.600000024 290 0.00700000022 99000 1.18446589 16 2.5999999 0.779999971 20 100000 289 150 0.400000006 -15 0 0.200000003 0.00695134094 0.0835224539 0
1 0 2 0.600000024 290 0.00700000022 99000 1.18446589 16 2.5999999 0.779999971 20 100000 289.5 150 0.400000006 -15 0 0.200000003 0.00695134094 0.0835224539 0
1 0 2 0.600000024 290 0.00700000022 99000 1.18446589 16 2.5999999 0.779999971 20 100000 291 1200 0.400000006 150 0 0.200000003 0.00695134094 0.0835224539 0
1 0 2 0.600000024 290 0.00700000022 99000 1.18446589 16 2.5999999 0.779999971 20 100000 293 1200 0.400000006 150 0 0.200000003 0.00695134094 0.0835224539 0
1 0 2 0.600000024 290 0.00700000022 99000 1.18446589 16 2.5999999 0.779999971 20 100000 298 1200 0.400000006 150 0 0.200000003 0.00695134094 0.0835224539 0
1 0 3 0.899999976 290 0.00700000022 99000 1.18446589 16 3.9000001 1.16999996 20 100000 282 150 0.400000006 -15 0 0.200000003 0.00695134094 0.125283673 0
1 0 3 0.899999976 290 0.00700000022 99000 1.18446589 16 3.9000001 1.16999996 20 100000 286 150 0.400000006 -15 0 0.200000003 0.00695134094 0.125283673 0
1 0 3 0.899999976 290 0.00700000022 99000 1.18446589 16 3.9000001 1.16999996 20 100000 288 150 0.400000006 -15 0 0.200000003 0.00695134094 0.125283673 0
1 0 3 0.899999976 290 0.00700000022 99000 1.18446589 16 3.9000001 1.16999996 20 100000 289 150 0.400000006 -15 0 0.200000003 0.00695134094 0.125283673 0
1 0 3 0.899999976 290 0.00700000022 99000 1.18446589 16 3.9000001 1.16999996 20 100000 289.5 150 0.400000006 -15 0 0.200000003 0.00695134094 0.125283673 0
1 0 3 0.899999976 290 0.00700000022 99000 1.18446589 16 3.9000001 1.16999996 20 100000 291 1200 0.400000006 150 0 0.200000003 0.00695134094 0.125283673 0
1 0 3 0.899999976 290 0.00700000022 99000 1.18446589 16 3.9000001 1.16999996 20 100000 293 1200 0.400000006 150 0 0.200000003 0.00695134094 0.125283673 0
1 0 3 0.899999976 290 0.00700000022 99000 1.18446589 16 3.9000001 1.16999996 20 100000 298 1200 0.400000006 150 0 0.200000003 0.00695134094 0.125283673 0
1 0 5 1.5 290 0.00700000022 99000 1.18446589 16 6.5 1.95000005 20 100000 282 150 0.400000006 -15 0 0.200000003 0.00695134094 0.208806127 0
1 0 5 1.5 290 0.00700000022 99000 1.18446589 16 6.5 1.95000005 20 100000 286 150 0.400000006 -15 0 0.200000003 0.00695134094 0.208806127 0
1 0 5 1.5 290 0.00700000022 99000 1.18446589 16 6.5 1.95000005 20 100000 288 150 0.400000006 -15 0 0.200000003 0.00695134094 0.208806127 0
1 0 5 1.5 290 0.00700000022 99000 1.18446589 16 6.5 1.95000005 20 100000 289 150 0.400000006 -15 0 0.200000003 0.00695134094 0.208806127 0
1 0 5 1.5 290 0.00700000022 99000 1.18446589 16 6.5 1.95000005 20 100000 289.5 150 0.400000006 -15 0 0.200000003 0.00695134094 0.208806127 0
1 0 5 1.5 290 0.00700000022 99000 1.18446589 16 6.5 1.95000005 20 100000 291 1200 0.400000006 150 0 0.200000003 0.00695134094 0.208806127 0
1 0 5 1.5 290 0.00700000022 99000 1.18446589 16 6.5 1.95000005 20 100000 293 1200 0.400000006 150 0 0.200000003 0.00695134094 0.208806127 0
1 0 5 1.5 290 0.00700000022 99000 1.18446589 16 6.5 1.95000005 20 100000 298 1200 0.400000006 150 0 0.200000003 0.00695134094 0.208806127 0
1 0 8 2.4000001 290 0.00700000022 99000 1.18446589 16 10.3999996 3.11999989 20 100000 282 150 0.400000006 -15 0 0.200000003 0.00695134094 0.334089816 0
1 0 8 2.4000001 290 0.00700000022 99000 1.18446589 16 10.3999996 3.11999989 20 100000 286 150 0.400000006 -15 0 0.200000003 0.00695134094 0.334089816 0
1 0 8 2.4000001 290 0.00700000022 99000 1.18446589 16 10.3999996 3.11999989 20 100000 288 150 0.400000006 -15 0 0.200000003 0.00695134094 0.334089816 0
1 0 8 2.4000001 290 0.00700000022 99000 1.18446589 16 10.3999996 3.11999989 20 100000 289 150 0.400000006 -15 0 0.200000003 0.00695134094 0.334089816 0
1 0 8 2.4000001 290 0.00700000022 99000 1.18446589 16 10.3999996 3.11999989 20 100000 289.5 150 0.400000006 -15 0 0.200000003 0.00695134094 0.334089816 0
1 0 8 2.4000001 290 0.00700000022 99000 1.18446589 16 10.3999996 3.11999989 20 100000 291 1200 0.400000006 150 0 0.200000003 0.00695134094 0.334089816 0
1 0 8 2.4000001 290 0.00700000022 99000 1.18446589 16 10.3999996 3.11999989 20 100000 293 1200 0.400000006 150 0 0.200000003 0.00695134094 0.334089816 0
1 0 8 2.4000001 290 0.00700000022 99000 1.18446589 16 10.3999996 3.11999989 20 100000 298 1200 0.400000006 150 0 0.200000003 0.00695134094 0.334089816 0
1 0 1 0.300000012 290 0.00700000022 99000 1.18446589 16 1.29999995 0.389999986 20 100000 282 150 0.400000006 -15 0 0.075000003 0.00695134094 0.041761227 0
1 0 1 0.300000012 290 0.00700000022 99000 1.18446589 16 1.29999995 0.389999986 20 100000 286 150 0.400000006 -15 0 0.075000003 0.00695134094 0.041761227 0
1 0 1 0.300000012 290 0.00700000022 99000 1.18446589 16 1.29999995 0.389999986 20 100000 288 150 0.400000006 -15 0 0.075000003 0.00695134094 0.041761227 0
1 0 1 0.300000012 290 0.00700000022 99000 1.18446589 16 1.29999995 0.389999986 20 100000 289 150 0.400000006 -15 0 0.075000003 0.00695134094 0.041761227 0
1 0 1 0.300000012 290 0.00700000022 99000 1.18446589 16 1.29999995 0.389999986 20 100000 289.5 150 0.400000006 -15 0 0.075000003 0.00695134094 0.041761227 0
1 0 1 0.300000012 290 0.00700000022 99000 1.18446589 16 1.29999995 0.389999986 20 100000 291 1200 0.400000006 150 0 0.075000003 0.00695134094 0.041761227 0
1 0 1 0.300000012 290 0.00700000022 99000 1.18446589 16 1.29999995 0.389999986 20 100000 293 1200 0.400000006 150 0 0.075000003 0.00695134094 0.041761227 0
1 0 1 0.300000012 290 0.00700000022 99000 1.18446589 16 1.29999995 0.389999986 20 100000 298 1200 0.400000006 150 0 0.075000003 0.00695134094 0.041761227 0
1 0 2 0.600000024 290 0.00700000022 99000 1.18446589 16 2.5999999 0.779999971 20 100000 282 150 0.400000006 -15 0 0.075000003 0.00695134094 0.0835224539 0
1 0 2 0.600000024 290 0.00700000022 99000 1.18446589 16 2.5999999 0.779999971 20 100000 286 150 0.400000006 -15 0 0.075000003 0.00695134094 0.0835224539 0
1 0 2 0.600000024 290 0.00700000022 99000 1.18446589 16 2.5999999 0.779999971 20 100000 288 150 0.400000006 -15 0 0.075000003 0.00695134094 0.0835224539 0
1 0 2 0.600000024 290 0.00700000022 99000 1.18446589 16 2.5999999 0.779999971 20 100000 289 150 0.400000006 -15 0 0.075000003 0.00695134094 0.0835224539 0
1 0 2 0.600000024 290 0.00700000022 99000 1.18446589 16 2.5999999 0.779999971 20 100000 289.5 150 0.400000006 -15 0 0.075000003 0.00695134094 0.0835224539 0
1 0 2 0.600000024 290 0.00700000022 99000 1.18446589 16 2.5999999 0.779999971 20 100000 291 1200 0.400000006 150 0 0.075000003 0.00695134094 0.0835224539 0
1 0 2 0.600000024 290 0.00700000022 99000 1.18446589 16 2.5999999 0.779999971 20 100000 293 1200 0.400000006 150 0 0.075000003 0.00695134094 0.0835224539 0
1 0 2 0.600000024 290 0.00700000022 99000 1.18446589 16 2.5999999 0.779999971 20 100000 298 1200 0.400000006 150 0 0.075000003 0.00695134094 0.0835224539 0
1 0 3 0.899999976 290 0.00700000022 99000 1.18446589 16 3.9000001 1.16999996 20 100000 282 150 0.400000006 -15 0 0.075000003 0.00695134094 0.125283673 0
1 0 3 0.899999976 290 0.00700000022 99000 1.18446589 16 3.9000001 1.16999996 20 100000 286 150 0.400000006 -15 0 0.075000003 0.00695134094 0.125283673 0
1 0 3 0.899999976 290 0.00700000022 99000 1.18446589 16 3.9000001 1.16999996 20 100000 288 150 0.400000006 -15 0 0.075000003 0.00695134094 0.125283673 0
1 0 3 0.899999976 290 0.00700000022 99000 1.18446589 16 3.9000001 1.16999996 20 100000 289 150 0.400000006 -15 0 0.075000003 0.00695134094 0.125283673 0
1 0 3 0.899999976 290 0.00700000022 99000 1.18446589 16 3.9000001 1.16999996 20 100000 289.5 150 0.400000006 -15 0 0.075000003 0.00695134094 0.125283673 0
1 0 3 0.899999976 290 0.00700000022 99000 1.18446589 16 3.9000001 1.16999996 20 100000 291 1200 0.400000006 150 0 0.075000003 0.00695134094 0.125283673 0
1 0 3 0.899999976 290 0.00700000022 99000 1.18446589 16 3.9000001 1.16999996 20 100000 293 1200 0.400000006 150 0 0.075000003 0.00695134094 0.125283673 0
1 0 3 0.899999976 290 0.00700000022 99000 1.18446589 16 3.9000001 1.16999996 20 100000 298 1200 0.400000006 150 0 0.075000003 0.00695134094 0.125283673 0
1 0 5 1.5 290 0.00700000022 99000 1.18446589 16 6.5 1.95000005 20 100000 282 150 0.400000006 -15 0 0.075000003 0.00695134094 0.208806127 0
1 0 5 1.5 290 0.00700000022 99000 1.18446589 16 6.5 1.95000005 20 100000 286 150 0.400000006 -15 0 0.075000003 0.00695134094 0.208806127 0
1 0 5 1.5 290 0.00700000022 99000 1.18446589 16 6.5 1.95000005 20 100000 288 150 0.400000006 -15 0 0.075000003 0.00695134094 0.208806127 0
1 0 5 1.5 290 0.00700000022 99000 1.18446589 16 6.5 1.95000005 20 100000 289 150 0.400000006 -15 0 0.075000003 0.00695134094 0.208806127 0
1 0 5 1.5 290 0.00700000022 99000 1.18446589 16 6.5 1.95000005 20 100000 289.5 150 0.400000006 -15 0 0.075000003 0.00695134094 0.208806127 0
1 0 5 1.5 290 0.00700000022 99000 1.18446589 16 6.5 1.95000005 20 100000 291 1200 0.400000006 150 0 0.075000003 0.00695134094 0.208806127 0
1 0 5 1.5 290 0.00700000022 99000 1.18446589 16 6.5 1.95000005 20 100000 293 1200 0.400000006 150 0 0.075000003 0.00695134094 0.208806127 0
1 0 5 1.5 290 0.00700000022 99000 1.18446589 16 6.5 1.95000005 20 100000 298 1200 0.400000006 150 0 0.075000003 0.00695134094 0.208806127 0
1 0 8 2.4000001 290 0.00700000022 99000 1.18446589 16 10.3999996 3.11999989 20 100000 282 150 0.400000006 -15 0 0.075000003 0.00695134094 0.334089816 0
1 0 8 2.4000001 290 0.00700000022 99000 1.18446589 16 10.3999996 3.11999989 20 100000 286 150 0.400000006 -15 0 0.075000003 0.00695134094 0.334089816 0
1 0 8 2.4000001 290 0.00700000022 99000 1.18446589 16 10.3999996 3.11999989 20 100000 288 150 0.400000006 -15 0 0.075000003 0.00695134094 0.334089816 0
1 0 8 2.4000001 290 0.00700000022 99000 1.18446589 16 10.3999996 3.11999989 20 100000 289 150 0.400000006 -15 0 0.075000003 0.00695134094 0.334089816 0
1 0 8 2.4000001 290 0.00700000022 99000 1.18446589 16 10.3999996 3.11999989 20 100000 289.5 150 0.400000006 -15 0 0.075000003 0.00695134094 0.334089816 0
1 0 8 2.4000001 290 0.00700000022 99000 1.18446589 16 10.3999996 3.11999989 20 100000 291 1200 0.400000006 150 0 0.075000003 0.00695134094 0.334089816 0
1 0 8 2.4000001 290 0.00700000022 99000 1.18446589 16 10.3999996 3.11999989 20 100000 293 1200 0.400000006 150 0 0.075000003 0.00695134094 0.334089816 0
1 0 8 2.4000001 290 0.00700000022 99000 1.18446589 16 10.3999996 3.11999989 20 100000 298 1200 0.400000006 150 0 0.075000003 0.00695134094 0.334089816 0
1 0 1 0.300000012 290 0.00700000022 99000 1.18446589 16 1.29999995 0.389999986 20 100000 282 150 0.400000006 -15 0 0.00999999978 0.00695134094 0.041761227 0
1 0 1 0.300000012 290 0.00700000022 99000 1.18446589 16 1.29999995 0.389999986 20 100000 286 150 0.400000006 -15 0 0.00999999978 0.00695134094 0.041761227 0
1 0 1 0.300000012 290 0.00700000022 99000 1.18446589 16 1.29999995 0.389999986 20 100000 288 150 0.400000006 -15 0 0.00999999978 0.00695134094 0.041761227 0
1 0 1 0.300000012 290 0.00700000022 99000 1.18446589 16 1.29999995 0.389999986 20 100000 289 150 0.400000006 -15 0 0.00999999978 0.00695134094 0.041761227 0
1 0 1 0.300000012 290 0.00700000022 99000 1.18446589 16 1.29999995 0.389999986 20 100000 289.5 150 0.400000006 -15 0 0.00999999978 0.00695134094 0.041761227 0
1 0 1 0.300000012 290 0.00700000022 99000 1.18446589 16 1.29999995 0.389999986 20 100000 291 1200 0.400000006 150 0 0.00999999978 0.00695134094 0.041761227 0
1 0 1 0.300000012 290 0.00700000022 99000 1.18446589 16 1.29999995 0.389999986 20 100000 293 1200 0.400000006 150 0 0.00999999978 0.00695134094 0.041761227 0
1 0 1 0.300000012 290 0.00700000022 99000 1.18446589 16 1.29999995 0.389999986 20 100000 298 1200 0.400000006 150 0 0.00999999978 0.00695134094 0.041761227 0
1 0 2 0.600000024 290 0.00700000022 99000 1.18446589 16 2.5999999 0.779999971 20 100000 282 150 0.400000006 -15 0 0.00999999978 0.00695134094 0.0835224539 0
1 0 2 0.600000024 290 0.00700000022 99000 1.18446589 16 2.5999999 0.779999971 20 100000 286 150 0.400000006 -15 0 0.00999999978 0.00695134094 0.0835224539 0
1 0 2 0.600000024 290 0.00700000022 99000 1.18446589 16 2.5999999 0.779999971 20 100000 288 150 0.400000006 -15 0 0.00999999978 0.00695134094 0.0835224539 0
1 0 2 0.600000024 290 0.00700000022 99000 1.18446589 16 2.5999999 0.779999971 20 100000 289 150 0.400000006 -15 0 0.00999999978 0.00695134094 0.0835224539 0
1 0 2 0.600000024 290 0.00700000022 99000 1.18446589 16 2.5999999 0.779999971 20 100000 289.5 150 0.400000006 -15 0 0.00999999978 0.00695134094 0.0835224539 0
1 0 2 0.600000024 290 0.00700000022 99000 1.18446589 16 2.5999999 0.779999971 20 100000 291 1200 0.400000006 150 0 0.00999999978 0.00695134094 0.0835224539 0
1 0 2 0.600000024 290 0.00700000022 99000 1.18446589 16 2.5999999 0.779999971 20 100000 293 1200 0.400000006 150 0 0.00999999978 0.00695134094 0.0835224539 0
1 0 2 0.600000024 290 0.00700000022 99000 1.18446589 16 2.5999999 0.779999971 20 100000 298 1200 0.400000006 150 0 0.00999999978 0.00695134094 0.0835224539 0
1 0 3 0.899999976 290 0.00700000022 99000 1.18446589 16 3.9000001 1.16999996 20 100000 282 150 0.400000006 -15 0 0.00999999978 0.00695134094 0.125283673 0
1 0 3 0.899999976 290 0.00700000022 99000 1.18446589 16 3.9000001 1.16999996 20 100000 286 150 0.400000006 -15 0 0.00999999978 0.00695134094 0.125283673 0
1 0 3 0.899999976 290 0.00700000022 99000 1.18446589 16 3.9000001 1.16999996 20 100000 288 150 0.400000006 -15 0 0.00999999978 0.00695134094 0.125283673 0
1 0 3 0.899999976 290 0.00700000022 99000 1.18446589 16 3.9000001 1.16999996 20 100000 289 150 0.400000006 -15 0 0.00999999978 0.00695134094 0.125283673 0
1 0 3 0.899999976 290 0.00700000022 99000 1.18446589 16 3.9000001 1.16999996 20 100000 289.5 150 0.400000006 -15 0 0.00999999978 0.00695134094 0.125283673 0
1 0 3 0.899999976 290 0.00700000022 99000 1.18446589 16 3.9000001 1.16999996 20 100000 291 1200 0.400000006 150 0 0.00999999978 0.00695134094 0.125283673 0
1 0 3 0.899999976 290 0.00700000022 99000 1.18446589 16 3.9000001 1.16999996 20 100000 293 1200 0.400000006 150 0 0.00999999978 0.00695134094 0.125283673 0
1 0 3 0.899999976 290 0.00700000022 99000 1.18446589 16 3.9000001 1.16999996 20 100000 298 1200 0.400000006 150 0 0.00999999978 0.00695134094 0.125283673 0
1 0 5 1.5 290 0.00700000022 99000 1.18446589 16 6.5 1.95000005 20 100000 282 150 0.400000006 -15 0 0.00999999978 0.00695134094 0.208806127 0
1 0 5 1.5 290 0.00700000022 99000 1.18446589 16 6.5 1.95000005 20 100000 286 150 0.400000006 -15 0 0.00999999978 0.00695134094 0.208806127 0
1 0 5 1.5 290 0.00700000022 99000 1.18446589 16 6.5 1.95000005 20 100000 288 150 0.400000006 -15 0 0.00999999978 0.00695134094 0.208806127 0
1 0 5 1.5 290 0.00700000022 99000 1.18446589 16 6.5 1.95000005 20 100000 289 150 0.400000006 -15 0 0.00999999978 0.00695134094 0.208806127 0
1 0 5 1.5 290 0.00700000022 99000 1.18446589 16 6.5 1.95000005 20 100000 289.5 150 0.400000006 -15 0 0.00999999978 0.00695134094 0.208806127 0
1 0 5 1.5 290 0.00700000022 99000 1.18446589 16 6.5 1.95000005 20 100000 291 1200 0.400000006 150 0 0.00999999978 0.00695134094 0.208806127 0
1 0 5 1.5 290 0.00700000022 99000 1.18446589 16 6.5 1.95000005 20 100000 293 1200 0.400000006 150 0 0.00999999978 0.00695134094 0.208806127 0
1 0 5 1.5 290 0.00700000022 99000 1.18446589 16 6.5 1.95000005 20 100000 298 1200 0.400000006 150 0 0.00999999978 0.00695134094 0.208806127 0
1 0 8 2.4000001 290 0.00700000022 99000 1.18446589 16 10.3999996 3.11999989 20 100000 282 150 0.400000006 -15 0 0.00999999978 0.00695134094 0.334089816 0
1 0 8 2.4000001 290 0.00700000022 99000 1.18446589 16 10.3999996 3.11999989 20 100000 286 150 0.400000006 -15 0 0.00999999978 0.00695134094 0.334089816 0
1 0 8 2.4000001 290 0.00700000022 99000 1.18446589 16 10.3999996 3.11999989 20 100000 288 150 0.400000006 -15 0 0.00999999978 0.00695134094 0.334089816 0
1 0 8 2.4000001 290 0.00700000022 99000 1.18446589 16 10.3999996 3.11999989 20 100000 289 150 0.400000006 -15 0 0.00999999978 0.00695134094 0.334089816 0
1 0 8 2.4000001 290 0.00700000022 99000 1.18446589 16 10.3999996 3.11999989 20 100000 289.5 150 0.400000006 -15 0 0.00999999978 0.00695134094 0.334089816 0
1 0 8 2.4000001 290 0.00700000022 99000 1.18446589 16 10.3999996 3.11999989 20 100000 291 1200 0.400000006 150 0 0.00999999978 0.00695134094 0.334089816 0
1 0 8 2.4000001 290 0.00700000022 99000 1.18446589 16 10.3999996 3.11999989 20 100000 293 1200 0.400000006 150 0 0.00999999978 0.00695134094 0.334089816 0
1 0 8 2.4000001 290 0.00700000022 99000 1.18446589 16 10.3999996 3.11999989 20 100000 298 1200 0.400000006 150 0 0.00999999978 0.00695134094 0.334089816 0
2 0 1 0.300000012 290 0.00700000022 99000 1.18446589 16 1.29999995 0.389999986 20 100000 282 150 1 -15 0 0.000199999995 0.00695134094 0.041761227 0
2 0 1 0.300000012 290 0.00700000022 99000 1.18446589 16 1.29999995 0.389999986 20 100000 286 150 1 -15 0 0.000199999995 0.00695134094 0.041761227 0
2 0 1 0.300000012 290 0.00700000022 99000 1.18446589 16 1.29999995 0.389999986 20 100000 288 150 1 -15 0 0.000199999995 0.00695134094 0.041761227 0
2 0 1 0.300000012 290 0.00700000022 99000 1.18446589 16 1.29999995 0.389999986 20 100000 289 150 1 -15 0 0.000199999995 0.00695134094 0.041761227 0
2 0 1 0.300000012 290 0.00700000022 99000 1.18446589 16 1.29999995 0.389999986 20 100000 289.5 150 1 -15 0 0.000199999995 0.00695134094 0.041761227 0
2 0 1 0.300000012 290 0.00700000022 99000 1.18446589 16 1.29999995 0.389999986 20 100000 291 1200 1 150 0 0.000199999995 0.00695134094 0.041761227 0
2 0 1 0.300000012 290 0.00700000022 99000 1.18446589 16 1.29999995 0.389999986 20 100000 293 1200 1 150 0 0.000199999995 0.00695134094 0.041761227 0
2 0 1 0.300000012 290 0.00700000022 99000 1.18446589 16 1.29999995 0.389999986 20 100000 298 1200 1 150 0 0.000199999995 0.00695134094 0.041761227 0
2 0 2 0.600000024 290 0.00700000022 99000 1.18446589 16 2.5999999 0.779999971 20 100000 282 150 1 -15 0 0.000199999995 0.00695134094 0.0835224539 0
2 0 2 0.600000024 290 0.00700000022 99000 1.18446589 16 2.5999999 0.779999971 20 100000 286 150 1 -15 0 0.000199999995 0.00695134094 0.0835224539 0
2 0 2 0.600000024 290 0.00700000022 99000 1.18446589 16 2.5999999 0.779999971 20 100000 288 150 1 -15 0 0.000199999995 0.00695134094 0.0835224539 0
2 0 2 0.600000024 290 0.00700000022 99000 1.18446589 16 2.5999999 0.779999971 20 100000 289 150 1 -15 0 0.000199999995 0.00695134094 0.0835224539 0
2 0 2 0.600000024 290 0.00700000022 99000 1.18446589 16 2.5999999 0.779999971 20 100000 289.5 150 1 -15 0 0.000199999995 0.00695134094 0.0835224539 0
2 0 2 0.600000024 290 0.00700000022 99000 1.18446589 16 2.5999999 0.779999971 20 100000 291 1200 1 150 0 0.000199999995 0.00695134094 0.0835224539 0
2 0 2 0.600000024 290 0.00700000022 99000 1.18446589 16 2.5999999 0.779999971 20 100000 293 1200 1 150 0 0.000199999995 0.00695134094 0.0835224539 0
2 0 2 0.600000024 290 0.00700000022 99000 1.18446589 16 2.5999999 0.779999971 20 100000 298 1200 1 150 0 0.000199999995 0.00695134094 0.0835224539 0
2 0 3 0.899999976 290 0.00700000022 99000 1.18446589 16 3.9000001 1.16999996 20 100000 282 150 1 -15 0 0.000199999995 0.00695134094 0.125283673 0
2 0 3 0.899999976 290 0.00700000022 99000 1.18446589 16 3.9000001 1.16999996 20 100000 286 150 1 -15 0 0.000199999995 0.00695134094 0.125283673 0
2 0 3 0.899999976 290 0.00700000022 99000 1.18446589 16 3.9000001 1.16999996 20 100000 288 150 1 -15 0 0.000199999995 0.00695134094 0.125283673 0
2 0 3 0.899999976 290 0.00700000022 99000 1.18446589 16 3.9000001 1.16999996 20 100000 289 150 1 -15 0 0.000199999995 0.00695134094 0.125283673 0
2 0 3 0.899999976 290 0.00700000022 99000 1.18446589 16 3.9000001 1.16999996 20 100000 289.5 150 1 -15 0 0.000199999995 0.00695134094 0.125283673 0
2 0 3 0.899999976 290 0.00700000022 99000 1.18446589 16 3.9000001 1.16999996 20 100000 291 1200 1 150 0 0.000199999995 0.00695134094 0.125283673 0
2 0 3 0.899999976 290 0.00700000022 99000 1.18446589 16 3.9000001 1.16999996 20 100000 293 1200 1 150 0 0.000199999995 0.00695134094 0.125283673 0
2 0 3 0.899999976 290 0.00700000022 99000 1.18446589 16 3.9000001 1.16999996 20 100000 298 1200 1 150 0 0.000199999995 0.00695134094 0.125283673 0
2 0 5 1.5 290 0.00700000022 99000 1.18446589 16 6.5 1.95000005 20 100000 282 150 1 -15 0 0.000199999995 0.00695134094 0.208806127 0
2 0 5 1.5 290 0.00700000022 99000 1.18446589 16 6.5 1.95000005 20 100000 286 150 1 -15 0 0.000199999995 0.00695134094 0.208806127 0
2 0 5 1.5 290 0.00700000022 99000 1.18446589 16 6.5 1.95000005 20 100000 288 150 1 -15 0 0.000199999995 0.00695134094 0.208806127 0
2 0 5 1.5 290 0.00700000022 99000 1.18446589 16 6.5 1.95000005 20 100000 289 150 1 -15 0 0.000199999995 0.00695134094 0.208806127 0
2 0 5 1.5 290 0.00700000022 99000 1.18446589 16 6.5 1.95000005 20 100000 289.5 150 1 -15 0 0.000199999995 0.00695134094 0.208806127 0
2 0 5 1.5 290 0.00700000022 99000 1.18446589 16 6.5 1.95000005 20 100000 291 1200 1 150 0 0.000199999995 0.00695134094 0.208806127 0
2 0 5 1.5 290 0.00700000022 99000 1.18446589 16 6.5 1.95000005 20 100000 293 1200 1 150 0 0.000199999995 0.00695134094 0.208806127 0
2 0 5 1.5 290 0.00700000022 99000 1.18446589 16 6.5 1.95000005 20 100000 298 1200 1 150 0 0.000199999995 0.00695134094 0.208806127 0
2 0 8 2.4000001 290 0.00700000022 99000 1.18446589 16 10.3999996 3.11999989 20 100000 282 150 1 -15 0 0.000199999995 0.00695134094 0.334089816 0
2 0 8 2.4000001 290 0.00700000022 99000 1.18446589 16 10.3999996 3.11999989 20 100000 286 150 1 -15 0 0.000199999995 0.00695134094 0.334089816 0
2 0 8 2.4000001 290 0.00700000022 99000 1.18446589 16 10.3999996 3.11999989 20 100000 288 150 1 -15 0 0.000199999995 0.00695134094 0.334089816 0
2 0 8 2.4000001 290 0.00700000022 99000 1.18446589 16 10.3999996 3.11999989 20 100000 289 150 1 -15 0 0.000199999995 0.00695134094 0.334089816 0
2 0 8 2.4000001 290 0.00700000022 99000 1.18446589 16 10.3999996 3.11999989 20 100000 289.5 150 1 -15 0 0.000199999995 0.00695134094 0.334089816 0
2 0 8 2.4000001 290 0.00700000022 99000 1.18446589 16 10.3999996 3.11999989 20 100000 291 1200 1 150 0 0.000199999995 0.00695134094 0.334089816 0
2 0 8 2.4000001 290 0.00700000022 99000 1.18446589 16 10.3999996 3.11999989 20 100000 293 1200 1 150 0 0.000199999995 0.00695134094 0.334089816 0
2 0 8 2.4000001 290 0.00700000022 99000 1.18446589 16 10.3999996 3.11999989 20 100000 298 1200 1 150 0 0.000199999995 0.00695134094 0.334089816 0
1 0.200000003 3 0.899999976 268 0.00249999994 99000 1.28516877 16 3.9000001 1.16999996 20 100000 263 150 0.400000006 -15 0 0.00999999978 0.00249376544 0.125283673 0
1 0 0.300000012 0.100000001 290 0.00700000022 99000 1.18446589 16 0.389999986 0.129999995 20 100000 284 150 0.400000006 -15 0 0.100000001 0.00695134094 0.0126491105 0
1 0 4 0 295 0.00800000038 100000 1.17545033 16 5.19999981 0 20 100000 295 1200 0.400000006 0 0 0.100000001 0.00793650839 0.200000003 -0.0500000007
1.5 0 6 1.79999995 290 0.00700000022 99000 1.18446589 16 7.80000019 2.33999991 20 100000 292 1200 0.400000006 150 0 0.000199999995 0.00695134094 0.250567347 0
